0.00691885	0.9992816789
0.02075656	0.9989142804
0.03459427	0.9981798971
0.04843197	0.9974458675
0.06226968	0.9958877895
0.07610738	0.9935395561
0.08994509	0.9919561179
0.10378280	0.9896116433
0.11762050	0.9860391640
0.13145821	0.9831555405
0.14529591	0.9800122551
0.15913362	0.9755017447
0.17297133	0.9710972269
0.18680903	0.9669718295
0.20064674	0.9619960045
0.21448444	0.9561109785
0.22832215	0.9511618364
0.24215986	0.9453444982
0.25599756	0.9380834983
0.26983527	0.9316686819
0.28367297	0.9258178352
0.29751068	0.9182054083
0.31134839	0.9100491041
0.32518609	0.9032833827
0.33902380	0.8955371565
0.35286151	0.8863414123
0.36669921	0.8778950599
0.38053692	0.8693943446
0.39437462	0.8601783939
0.40821233	0.8503070604
0.42205004	0.8419666011
0.43588774	0.8320523406
0.44972545	0.8208920506
0.46356315	0.8108427578
0.47740086	0.8006814474
0.49123857	0.7903488813
0.50507627	0.7796907923
0.51891398	0.7696468557
0.53275168	0.7583176790
0.54658939	0.7461849176
0.56042710	0.7361881676
0.57426480	0.7245979550
0.58810251	0.7123716073
0.60194021	0.7004065268
0.61577792	0.6888174999
0.62961563	0.6772913532
0.64345333	0.6652204887
0.65729104	0.6540652660
0.67112875	0.6418065997
0.68496645	0.6288973025
0.69880416	0.6164157802
0.71264186	0.6046222130
0.72647957	0.5923860778
0.74031728	0.5797157580
0.75415498	0.5685520156
0.76799269	0.5561478514
0.78183039	0.5429959713
0.79566810	0.5316794643
0.80950581	0.5196810112
0.82334351	0.5071919599
0.83718122	0.4946390726
0.85101892	0.4828941092
0.86485663	0.4712457396
0.87869434	0.4585307062
0.89253204	0.4473871049
0.90636975	0.4355335745
0.92020745	0.4236267235
0.93404516	0.4118792536
0.94788287	0.4006598949
0.96172057	0.3893175162
0.97555828	0.3777709638
0.98939599	0.3678282740
1.00323369	0.3566857442
1.01707140	0.3454015188
1.03090910	0.3346307663
1.04474681	0.3242863418
1.05858452	0.3134954747
1.07242222	0.3028160178
1.08625993	0.2935942186
1.10009763	0.2838189341
1.11393534	0.2733324622
1.12777305	0.2642316586
1.14161075	0.2551563018
1.15544846	0.2456442124
1.16928616	0.2362986268
1.18312387	0.2277689664
1.19696158	0.2190499394
1.21079928	0.2100027893
1.22463699	0.2024699015
1.23847470	0.1941582413
1.25231240	0.1857860083
1.26615011	0.1781379003
1.27998781	0.1709925738
1.29382552	0.1635817671
1.30766323	0.1560750929
1.32150093	0.1495655405
1.33533864	0.1427914348
1.34917634	0.1359029211
1.36301405	0.1295969875
1.37685176	0.1236357254
1.39068946	0.1173493558
1.40452717	0.1112370208
1.41836487	0.1059377564
1.43220258	0.1005443370
1.44604029	0.0951114768
1.45987799	0.0901635616
1.47371570	0.0853768993
1.48755340	0.0805080189
1.50139111	0.0759509319
1.51522882	0.0719489268
1.52906652	0.0675725913
1.54290423	0.0633207870
1.55674194	0.0596838262
1.57057964	0.0559804736
1.58441735	0.0523055404
1.59825505	0.0489207255
1.61209276	0.0458789861
1.62593047	0.0427080472
1.63976817	0.0396860406
1.65360588	0.0371226259
1.66744358	0.0344002747
1.68128129	0.0318295750
1.69511900	0.0295585355
1.70895670	0.0272331424
1.72279441	0.0250144324
1.73663211	0.0229682756
1.75046982	0.0212396727
1.76430753	0.0194192116
1.77814523	0.0176780773
1.79198294	0.0162495243
1.80582064	0.0147843316
1.81965835	0.0133563357
1.83349606	0.0120595885
1.84733376	0.0109393977
1.86117147	0.0098171424
1.87500918	0.0087910136
1.88884688	0.0079120495
1.90268459	0.0070431774
1.91652229	0.0062379230
1.93036000	0.0055666176
1.94419771	0.0049421750
1.95803541	0.0043256832
1.97187312	0.0038005168
1.98571082	0.0033595845
1.99954853	0.0029223259
2.01338624	0.0025379011
2.02722394	0.0022340251
2.04106165	0.0019586364
2.05489935	0.0017110977
2.06873706	0.0015054448
2.08257477	0.0013469940
2.09641247	0.0012133796
2.11025018	0.0011053756
2.12408788	0.0010367843
2.13792559	0.0009764441
2.15176330	0.0009483392
2.16560100	0.0009411915
2.17943871	0.0009452313
2.19327642	0.0009719126
2.20711412	0.0010105129
2.22095183	0.0010618478
2.23478953	0.0011227197
2.24862724	0.0011989906
2.26246495	0.0012774521
2.27630265	0.0013554212
2.29014036	0.0014491183
2.30397806	0.0015453996
2.31781577	0.0016369390
2.33165348	0.0017344117
2.34549118	0.0018322758
2.35932889	0.0019308103
2.37316659	0.0020220839
2.38700430	0.0021198276
2.40084201	0.0022106154
2.41467971	0.0022936927
2.42851742	0.0023763608
2.44235512	0.0024539385
2.45619283	0.0025231809
2.47003054	0.0025880443
2.48386824	0.0026517857
2.49770595	0.0027070446
2.51154366	0.0027491367
2.52538136	0.0027933396
2.53921907	0.0028290649
2.55305677	0.0028561941
2.56689448	0.0028757770
2.58073219	0.0028898387
2.59456989	0.0028989453
2.60840760	0.0028971586
2.62224530	0.0028923149
2.63608301	0.0028803641
2.64992072	0.0028628965
2.66375842	0.0028375557
2.67759613	0.0028080497
2.69143383	0.0027729893
2.70527154	0.0027328122
2.71910925	0.0026853191
2.73294695	0.0026352993
2.74678466	0.0025844472
2.76062236	0.0025240236
2.77446007	0.0024612164
2.78829778	0.0023981776
2.80213548	0.0023330789
2.81597319	0.0022605945
2.82981090	0.0021856641
2.84364860	0.0021132545
2.85748631	0.0020352081
2.87132401	0.0019571534
2.88516172	0.0018818787
2.89899943	0.0018009365
2.91283713	0.0017204965
2.92667484	0.0016409739
2.94051254	0.0015659155
2.95435025	0.0014859217
2.96818796	0.0014078670
2.98202566	0.0013357376
2.99586337	0.0012584000
3.00970107	0.0011833823
3.02353878	0.0011108269
3.03737649	0.0010461381
3.05121419	0.0009738810
3.06505190	0.0009085707
3.07888960	0.0008509515
3.09272731	0.0007895309
3.10656502	0.0007317481
3.12040272	0.0006783995
3.13424043	0.0006292342
3.14807814	0.0005787880
3.16191584	0.0005338936
3.17575355	0.0004938198
3.18959125	0.0004546383
3.20342896	0.0004178099
3.21726667	0.0003881454
3.23110437	0.0003598144
3.24494208	0.0003329058
3.25877978	0.0003096728
3.27261749	0.0002929665
3.28645520	0.0002755586
3.30029290	0.0002615645
3.31413061	0.0002530173
3.32796831	0.0002451147
3.34180602	0.0002399548
3.35564373	0.0002369370
3.36948143	0.0002393063
3.38331914	0.0002410955
3.39715685	0.0002455362
3.41099455	0.0002540158
3.42483226	0.0002637667
3.43866996	0.0002738154
3.45250767	0.0002867365
3.46634538	0.0003017182
3.48018308	0.0003178632
3.49402079	0.0003341559
3.50785849	0.0003531738
3.52169620	0.0003733228
3.53553391	0.0003926939
3.54937161	0.0004137636
3.56320932	0.0004360524
3.57704702	0.0004579384
3.59088473	0.0004794340
3.60472244	0.0005021854
3.61856014	0.0005250798
3.63239785	0.0005461777
3.64623555	0.0005686808
3.66007326	0.0005908280
3.67391097	0.0006117732
3.68774867	0.0006323895
3.70158638	0.0006527690
3.71542409	0.0006724528
3.72926179	0.0006893676
3.74309950	0.0007070513
3.75693720	0.0007235091
3.77077491	0.0007385921
3.78461262	0.0007520151
3.79845032	0.0007652788
3.81228803	0.0007764015
3.82612573	0.0007857197
3.83996344	0.0007951285
3.85380115	0.0008021449
3.86763885	0.0008073559
3.88147656	0.0008122609
3.89531426	0.0008153738
3.90915197	0.0008162263
3.92298968	0.0008159217
3.93682738	0.0008152286
3.95066509	0.0008120215
3.96450279	0.0008069037
3.97834050	0.0008024015
3.99217821	0.0007952151
4.00601591	0.0007859708
4.01985362	0.0007769246
4.03369133	0.0007661069
4.04752903	0.0007541703
4.06136674	0.0007401197
4.07520444	0.0007272052
4.08904215	0.0007120446
4.10287986	0.0006949600
4.11671756	0.0006797169
4.13055527	0.0006616404
4.14439297	0.0006425938
4.15823068	0.0006241579
4.17206839	0.0006056567
4.18590609	0.0005842324
4.19974380	0.0005637540
4.21358150	0.0005446078
4.22741921	0.0005235232
4.24125692	0.0005014368
4.25509462	0.0004815198
4.26893233	0.0004603251
4.28277003	0.0004383533
4.29660774	0.0004172938
4.31044545	0.0003974634
4.32428315	0.0003766095
4.33812086	0.0003552762
4.35195857	0.0003361888
4.36579627	0.0003163439
4.37963398	0.0002964255
4.39347168	0.0002786947
4.40730939	0.0002614135
4.42114710	0.0002436902
4.43498480	0.0002262349
4.44882251	0.0002116389
4.46266021	0.0001961805
4.47649792	0.0001804329
4.49033563	0.0001671608
4.50417333	0.0001544012
4.51801104	0.0001420133
4.53184874	0.0001299443
4.54568645	0.0001210756
4.55952416	0.0001108088
4.57336186	0.0001017657
4.58719957	0.0000941636
4.60103727	0.0000881249
4.61487498	0.0000810804
4.62871269	0.0000755192
4.64255039	0.0000726657
4.65638810	0.0000688230
4.67022581	0.0000650702
4.68406351	0.0000652079
4.69790122	0.0000642322
4.71173892	0.0000634107
4.72557663	0.0000642782
4.73941434	0.0000664828
4.75325204	0.0000689951
4.76708975	0.0000703857
4.78092745	0.0000761730
4.79476516	0.0000802852
4.80860287	0.0000842595
4.82244057	0.0000902096
4.83627828	0.0000959177
4.85011598	0.0001021198
4.86395369	0.0001075397
4.87779140	0.0001155096
4.89162910	0.0001219030
4.90546681	0.0001285320
4.91930451	0.0001362713
4.93314222	0.0001439018
4.94697993	0.0001523369
4.96081763	0.0001609088
4.97465534	0.0001719755
4.98849305	0.0001851254
5.00233075	0.0002010618
5.01616846	0.0000129910
5.03000616	0.0000000000
5.04384387	0.0000000000
5.05768158	0.0000000000
5.07151928	0.0000000000
5.08535699	0.0000000000
5.09919469	0.0000000000
5.11303240	0.0000000000
5.12687011	0.0000000000
5.14070781	0.0000000000
5.15454552	0.0000000000
5.16838322	0.0000000000
5.18222093	0.0000000000
5.19605864	0.0000000000
5.20989634	0.0000000000
5.22373405	0.0000000000
5.23757175	0.0000000000
5.25140946	0.0000000000
5.26524717	0.0000000000
5.27908487	0.0000000000
5.29292258	0.0000000000
5.30676029	0.0000000000
5.32059799	0.0000000000
5.33443570	0.0000000000
5.34827340	0.0000000000
5.36211111	0.0000000000
5.37594882	0.0000000000
5.38978652	0.0000000000
5.40362423	0.0000000000
5.41746193	0.0000000000
5.43129964	0.0000000000
5.44513735	0.0000000000
5.45897505	0.0000000000
5.47281276	0.0000000000
5.48665046	0.0000000000
5.50048817	0.0000000000
5.51432588	0.0000000000
5.52816358	0.0000000000
5.54200129	0.0000000000
5.55583900	0.0000000000
5.56967670	0.0000000000
5.58351441	0.0000000000
5.59735211	0.0000000000
5.61118982	0.0000000000
5.62502753	0.0000000000
5.63886523	0.0000000000
5.65270294	0.0000000000
5.66654064	0.0000000000
5.68037835	0.0000000000
5.69421606	0.0000000000
5.70805376	0.0000000000
5.72189147	0.0000000000
5.73572917	0.0000000000
5.74956688	0.0000000000
5.76340459	0.0000000000
5.77724229	0.0000000000
5.79108000	0.0000000000
5.80491770	0.0000000000
5.81875541	0.0000000000
5.83259312	0.0000000000
5.84643082	0.0000000000
5.86026853	0.0000000000
5.87410624	0.0000000000
5.88794394	0.0000000000
5.90178165	0.0000000000
5.91561935	0.0000000000
5.92945706	0.0000000000
5.94329477	0.0000000000
5.95713247	0.0000000000
5.97097018	0.0000000000
5.98480788	0.0000000000
5.99864559	0.0000000000
6.01248330	0.0000000000
6.02632100	0.0000000000
6.04015871	0.0000000000
6.05399641	0.0000000000
6.06783412	0.0000000000
6.08167183	0.0000000000
6.09550953	0.0000000000
6.10934724	0.0000000000
6.12318494	0.0000000000
6.13702265	0.0000000000
6.15086036	0.0000000000
6.16469806	0.0000000000
6.17853577	0.0000000000
6.19237348	0.0000000000
6.20621118	0.0000000000
6.22004889	0.0000000000
6.23388659	0.0000000000
6.24772430	0.0000000000
6.26156201	0.0000000000
6.27539971	0.0000000000
6.28923742	0.0000000000
6.30307512	0.0000000000
6.31691283	0.0000000000
6.33075054	0.0000000000
6.34458824	0.0000000000
6.35842595	0.0000000000
6.37226365	0.0000000000
6.38610136	0.0000000000
6.39993907	0.0000000000
6.41377677	0.0000000000
6.42761448	0.0000000000
6.44145218	0.0000000000
6.45528989	0.0000000000
6.46912760	0.0000000000
6.48296530	0.0000000000
6.49680301	0.0000000000
6.51064072	0.0000000000
6.52447842	0.0000000000
6.53831613	0.0000000000
6.55215383	0.0000000000
6.56599154	0.0000000000
6.57982925	0.0000000000
6.59366695	0.0000000000
6.60750466	0.0000000000
6.62134236	0.0000000000
6.63518007	0.0000000000
6.64901778	0.0000000000
6.66285548	0.0000000000
6.67669319	0.0000000000
6.69053089	0.0000000000
6.70436860	0.0000000000
6.71820631	0.0000000000
6.73204401	0.0000000000
6.74588172	0.0000000000
6.75971942	0.0000000000
6.77355713	0.0000000000
6.78739484	0.0000000000
6.80123254	0.0000000000
6.81507025	0.0000000000
6.82890796	0.0000000000
6.84274566	0.0000000000
6.85658337	0.0000000000
6.87042107	0.0000000000
6.88425878	0.0000000000
6.89809649	0.0000000000
6.91193419	0.0000000000
6.92577190	0.0000000000
6.93960960	0.0000000000
6.95344731	0.0000000000
6.96728502	0.0000000000
6.98112272	0.0000000000
6.99496043	0.0000000000
7.00879813	0.0000000000
7.02263584	0.0000000000
7.03647355	0.0000000000
7.05031125	0.0000000000
7.06414896	0.0000000000
7.07798666	0.0000000000
